function dct_block = DeQuant8x8(quant_block, qScale)
quanTable_L = [4,6,7,8,10,13,18,31; 6,9,10,12,15,20,28,48;...
    7,10,12,14,18,23,32,55; 8,12,14,17,21,27,38,65;...
    10,15,18,21,26,33,47,80; 13,20,23,27,33,43,61,103;...
    18,28,32,38,47,61,86,146; 31,48,55,65,80,103,146,250];

quanTable_C = [17,18,24,47,99,99,99,99; 18,21,26,66,99,99,99,99;...
    24,13,56,99,99,99,99,99; 47,66,99,99,99,99,99,99;...
    99,99,99,99,99,99,99,99; 99,99,99,99,99,99,99,99;...
    99,99,99,99,99,99,99,99; 99,99,99,99,99,99,99,99];


dct_block= round(quant_block .* (quanTable_C .* qScale));
end